
[1mRooFit v3.60 -- Developed by Wouter Verkerke and David Kirkby[0m 
                Copyright (C) 2000-2013 NIKHEF, University of California & Stanford University
                All rights reserved, please read http://roofit.sourceforge.net/license.txt

[#1] INFO:Eval -- RooTreeDataStore::loadValues(Datensatz_Masse) Ignored 2541 out of range events
[#1] INFO:Minization -- RooMinuit::optimizeConst: activating const optimization
[#1] INFO:Minization --  The following expressions will be evaluated in cache-and-track mode: (B_CB1_res,B_CB2_res,KK_BreitWigner_res,KK_Exponential_nonres,B_BKG,KK_BKG)
 **********
 **   13 **MIGRAD        7000           1
 **********
 FIRST CALL TO USER FUNCTION AT NEW START POINT, WITH IFLAG=4.
 START MIGRAD MINIMIZATION.  STRATEGY  1.  CONVERGENCE WHEN EDM .LT. 1.00e-03
 FCN=19263 FROM MIGRAD    STATUS=INITIATE      129 CALLS         130 TOTAL
                     EDM= unknown      STRATEGY= 1      NO ERROR MATRIX       
  EXT PARAMETER               CURRENT GUESS       STEP         FIRST   
  NO.   NAME      VALUE            ERROR          SIZE      DERIVATIVE 
   1  BKG_yield    7.00000e+02   1.50000e+02   0.00000e+00  -3.62108e+01
   2  B_BKG_lambda  -3.43759e-03   5.00000e-04   0.00000e+00   6.38251e-01
   3  B_CB1_res_alpha   1.40000e+00   2.90000e-01   0.00000e+00  -6.43290e+01
   4  B_CB1_res_mean   5.37000e+03   1.40000e+01   0.00000e+00   3.83266e+01
   5  B_CB1_res_n   3.00000e+00   1.50000e+00   0.00000e+00  -9.10637e+01
   6  B_CB1_res_sigma   1.80000e+01   8.00000e+00   0.00000e+00   1.34621e+02
   7  B_CB2_res_sigma   1.93332e+01   8.00000e+00  -5.42958e-01   8.65294e+01
   8  B_DCB_coefficient   5.00000e-01   1.00000e-01   0.00000e+00  -4.36357e+00
   9  KK_BKG_lambda  -2.00000e-03   1.00000e-03   0.00000e+00   7.63940e+01
  10  KK_BreitWigner_res_mean   1.52000e+03   5.00000e+00   0.00000e+00   9.47644e+00
  11  KK_BreitWigner_res_sigma   1.00000e+02   1.80000e+01   0.00000e+00   1.64454e+02
  12  KK_Exponential_nonres_lambda  -1.00000e-03   5.00000e-04   0.00000e+00   1.46899e+00
  13  Nonres_sig_yield   1.50000e+03   2.50000e+02   0.00000e+00  -2.55741e+01
  14  Res_sig_yield   3.20000e+03   4.50000e+02   0.00000e+00  -4.18953e+01
                               ERR DEF= 0.5
 MIGRAD MINIMIZATION HAS CONVERGED.
 MIGRAD WILL VERIFY CONVERGENCE AND ERROR MATRIX.
 COVARIANCE MATRIX CALCULATED SUCCESSFULLY
 FCN=19146.9 FROM MIGRAD    STATUS=CONVERGED    1718 CALLS        1719 TOTAL
                     EDM=8.1295e-05    STRATEGY= 1      ERROR MATRIX ACCURATE 
  EXT PARAMETER                                   STEP         FIRST   
  NO.   NAME      VALUE            ERROR          SIZE      DERIVATIVE 
   1  BKG_yield    7.03936e+02   4.57889e+01   4.21649e-03  -7.58495e-02
   2  B_BKG_lambda  -4.10129e-03   3.07128e-04   1.36340e-03  -4.58380e-02
   3  B_CB1_res_alpha   1.31874e+00   1.25642e-01   3.19196e-03   1.79703e-02
   4  B_CB1_res_mean   5.36996e+03   3.93429e-01   4.17092e-04   1.76272e-02
   5  B_CB1_res_n   6.92291e+00   3.32948e+00   6.82946e-03   1.43569e-02
   6  B_CB1_res_sigma   1.74881e+01   3.85882e-01   7.40123e-04   2.27400e-01
   7  B_CB2_res_sigma   6.89154e+01   1.13157e+01   2.88507e-02   3.64544e-03
   8  B_DCB_coefficient   9.36966e-01   1.48121e-02   3.58308e-03   7.42814e-02
   9  KK_BKG_lambda  -2.57055e-03   3.38162e-04   1.99573e-03  -5.41331e-02
  10  KK_BreitWigner_res_mean   1.52155e+03   1.78572e+00   6.64584e-03   1.11059e-02
  11  KK_BreitWigner_res_sigma   4.67051e+01   2.20093e+00   2.44902e-03   8.66982e-02
  12  KK_Exponential_nonres_lambda  -1.14470e-03   1.43697e-04   1.22766e-03   3.45038e-03
  13  Nonres_sig_yield   2.92992e+03   9.01796e+01   1.50491e-02   1.44054e-02
  14  Res_sig_yield   1.89217e+03   8.04666e+01   2.57748e-03  -7.85193e-03
                               ERR DEF= 0.5
 EXTERNAL ERROR MATRIX.    NDIM=  30    NPAR= 14    ERR DEF=0.5
 ELEMENTS ABOVE DIAGONAL ARE NOT PRINTED.
  2.099e+03 
  2.980e-03  9.433e-08 
 -2.147e-01  7.967e-07  1.583e-02 
  5.667e-02 -1.493e-07 -2.843e-02  1.548e-01 
  2.090e+01 -1.342e-04 -3.443e-01  4.535e-01  1.118e+01 
 -6.201e-01 -4.635e-06  2.288e-02 -6.030e-02 -4.042e-01  1.489e-01 
 -2.137e+02 -8.893e-04 -1.308e-01  2.771e-01  1.433e+00  1.360e+00  1.359e+02 
  1.705e-01  6.180e-07 -1.935e-04  6.255e-04 -4.193e-03  2.258e-03  6.424e-02  2.197e-04 
  1.293e-03  1.905e-09 -1.349e-06  1.285e-06  5.362e-05 -1.879e-07 -1.638e-04  2.499e-07  1.144e-07 
  1.813e+00  4.462e-06  7.317e-04 -1.063e-03  3.189e-03  1.240e-03 -3.605e-01  2.256e-04 -4.246e-06  3.194e+00 
 -4.783e+00 -8.984e-06  1.121e-03 -7.596e-04 -9.828e-02  1.114e-03  8.574e-01 -5.855e-04 -1.255e-05  3.726e-01  4.846e+00 
  2.836e-04  7.819e-10  1.855e-07 -2.292e-07 -2.848e-06 -2.662e-07 -4.660e-05  1.482e-08 -8.399e-09 -6.192e-05 -2.037e-06 
  2.836e-04  7.819e-10  1.855e-07 -2.292e-07 -2.848e-06 -2.662e-07 -4.660e-05  1.482e-08 -8.399e-09 -6.192e-05 -2.037e-06  2.065e-08 
 -1.093e+03 -2.348e-03  1.520e-01 -5.803e-02 -1.501e+01  3.380e-01  1.465e+02 -1.460e-01 -5.120e-04 -7.586e+00 -1.053e+02 
 -1.093e+03 -2.348e-03  1.520e-01 -5.803e-02 -1.501e+01  3.380e-01  1.465e+02 -1.460e-01 -5.120e-04 -7.586e+00 -1.053e+02 -5.052e-04  8.265e+03 
 -2.937e+02 -6.153e-04  6.197e-02  1.780e-03 -5.808e+00  2.799e-01  6.636e+01 -2.339e-02 -7.779e-04  5.846e+00  1.112e+02 
 -2.937e+02 -6.153e-04  6.197e-02  1.780e-03 -5.808e+00  2.799e-01  6.636e+01 -2.339e-02 -7.779e-04  5.846e+00  1.112e+02  2.257e-04 -4.250e+03  6.478e+03 
 PARAMETER  CORRELATION COEFFICIENTS  
       NO.  GLOBAL      1      2      3      4      5      6      7      8      9     10     11     12     13     14
        1  0.69298   1.000  0.212 -0.037  0.003  0.136 -0.035 -0.400  0.251  0.083  0.022 -0.047  0.043 -0.262 -0.080
        2  0.38904   0.212  1.000  0.021 -0.001 -0.131 -0.039 -0.248  0.136  0.018  0.008 -0.013  0.018 -0.084 -0.025
        3  0.92467  -0.037  0.021  1.000 -0.574 -0.819  0.471 -0.089 -0.104 -0.032  0.003  0.004  0.010  0.013  0.006
        4  0.62986   0.003 -0.001 -0.574  1.000  0.345 -0.397  0.060  0.107  0.010 -0.002 -0.001 -0.004 -0.002  0.000
        5  0.89358   0.136 -0.131 -0.819  0.345  1.000 -0.313  0.037 -0.085  0.047  0.001 -0.013 -0.006 -0.049 -0.022
        6  0.74798  -0.035 -0.039  0.471 -0.397 -0.313  1.000  0.302  0.395 -0.001  0.002  0.001 -0.005  0.010  0.009
        7  0.69835  -0.400 -0.248 -0.089  0.060  0.037  0.302  1.000  0.372 -0.042 -0.017  0.033 -0.028  0.138  0.071
        8  0.78823   0.251  0.136 -0.104  0.107 -0.085  0.395  0.372  1.000  0.050  0.009 -0.018  0.007 -0.108 -0.020
        9  0.21388   0.083  0.018 -0.032  0.010  0.047 -0.001 -0.042  0.050  1.000 -0.007 -0.017 -0.173 -0.017 -0.029
       10  0.26746   0.022  0.008  0.003 -0.002  0.001  0.002 -0.017  0.009 -0.007  1.000  0.095 -0.241 -0.047  0.041
       11  0.66719  -0.047 -0.013  0.004 -0.001 -0.013  0.001  0.033 -0.018 -0.017  0.095  1.000 -0.006 -0.526  0.627
       12  0.30762   0.043  0.018  0.010 -0.004 -0.006 -0.005 -0.028  0.007 -0.173 -0.241 -0.006  1.000 -0.039  0.020
       13  0.70418  -0.262 -0.084  0.013 -0.002 -0.049  0.010  0.138 -0.108 -0.017 -0.047 -0.526 -0.039  1.000 -0.581
       14  0.71698  -0.080 -0.025  0.006  0.000 -0.022  0.009  0.071 -0.020 -0.029  0.041  0.627  0.020 -0.581  1.000
 **********
 **   18 **HESSE        7000
 **********
 COVARIANCE MATRIX CALCULATED SUCCESSFULLY
 FCN=19146.9 FROM HESSE     STATUS=OK            148 CALLS        1867 TOTAL
                     EDM=8.5563e-05    STRATEGY= 1      ERROR MATRIX ACCURATE 
  EXT PARAMETER                                INTERNAL      INTERNAL  
  NO.   NAME      VALUE            ERROR       STEP SIZE       VALUE   
   1  BKG_yield    7.03936e+02   4.65250e+01   8.43298e-04  -6.14574e-02
   2  B_BKG_lambda  -4.10129e-03   3.09242e-04   5.45361e-05   1.16294e+00
   3  B_CB1_res_alpha   1.31874e+00   1.43624e-01   1.27678e-04  -1.60170e-01
   4  B_CB1_res_mean   5.36996e+03   4.07281e-01   8.34183e-05  -6.25169e-04
   5  B_CB1_res_n   6.92291e+00   3.83067e+00   2.73178e-04  -9.30975e-01
   6  B_CB1_res_sigma   1.74881e+01   3.97312e-01   1.48025e-04  -5.97768e-01
   7  B_CB2_res_sigma   6.89154e+01   1.15745e+01   1.15403e-03   8.07967e-01
   8  B_DCB_coefficient   9.36966e-01   1.49108e-02   1.43323e-04   1.06323e+00
   9  KK_BKG_lambda  -2.57055e-03   3.38525e-04   7.98293e-05   1.24875e+00
  10  KK_BreitWigner_res_mean   1.52155e+03   1.78588e+00   2.65833e-04  -1.38243e-01
  11  KK_BreitWigner_res_sigma   4.67051e+01   2.23298e+00   4.89805e-04  -7.79996e-01
  12  KK_Exponential_nonres_lambda  -1.14470e-03   1.43751e-04   4.91062e-05   1.35640e+00
  13  Nonres_sig_yield   2.92992e+03   9.25280e+01   6.01962e-04   1.23436e+00
  14  Res_sig_yield   1.89217e+03   8.18823e+01   5.15496e-04  -3.91158e-01
                               ERR DEF= 0.5
 EXTERNAL ERROR MATRIX.    NDIM=  30    NPAR= 14    ERR DEF=0.5
 ELEMENTS ABOVE DIAGONAL ARE NOT PRINTED.
  2.167e+03 
  3.143e-03  9.564e-08 
 -4.085e-01  2.344e-06  2.070e-02 
  3.238e-01 -2.523e-06 -3.575e-02  1.659e-01 
  2.667e+01 -1.747e-04 -4.788e-01  6.561e-01  1.484e+01 
 -1.068e+00 -3.676e-06  2.883e-02 -6.936e-02 -5.691e-01  1.579e-01 
 -2.308e+02 -9.795e-04 -1.792e-01  3.545e-01  2.680e+00  1.397e+00  1.426e+02 
  1.645e-01  5.925e-07 -1.880e-04  6.156e-04 -4.262e-03  2.331e-03  6.763e-02  2.226e-04 
  1.411e-03  1.971e-09 -2.000e-06  2.220e-06  7.249e-05 -1.153e-06 -1.810e-04  2.494e-07  1.146e-07 
  2.001e+00  5.066e-06  8.080e-04 -1.231e-03  2.652e-03  9.090e-04 -4.094e-01  2.246e-04 -3.930e-06  3.195e+00 
 -3.659e+00 -6.526e-06  1.697e-03 -1.754e-03 -1.024e-01  2.319e-03  7.323e-01 -3.839e-04 -1.228e-05  3.760e-01  4.988e+00 
  2.913e-04  8.413e-10  2.397e-07 -3.128e-07 -4.301e-06 -2.448e-07 -5.056e-05  1.346e-08 -8.442e-09 -6.202e-05 -1.617e-06 
  2.913e-04  8.413e-10  2.397e-07 -3.128e-07 -4.301e-06 -2.448e-07 -5.056e-05  1.346e-08 -8.442e-09 -6.202e-05 -1.617e-06  2.067e-08 
 -1.210e+03 -2.611e-03  3.094e-01 -2.664e-01 -2.029e+01  6.927e-01  1.677e+02 -1.506e-01 -6.332e-04 -8.206e+00 -1.133e+02 
 -1.210e+03 -2.611e-03  3.094e-01 -2.664e-01 -2.029e+01  6.927e-01  1.677e+02 -1.506e-01 -6.332e-04 -8.206e+00 -1.133e+02 -5.304e-04  8.709e+03 
 -2.543e+02 -5.340e-04  9.946e-02 -5.767e-02 -6.392e+00  3.762e-01  6.329e+01 -1.405e-02 -7.790e-04  6.201e+00  1.169e+02 
 -2.543e+02 -5.340e-04  9.946e-02 -5.767e-02 -6.392e+00  3.762e-01  6.329e+01 -1.405e-02 -7.790e-04  6.201e+00  1.169e+02  2.388e-04 -4.563e+03  6.708e+03 
 PARAMETER  CORRELATION COEFFICIENTS  
       NO.  GLOBAL      1      2      3      4      5      6      7      8      9     10     11     12     13     14
        1  0.70467   1.000  0.218 -0.061  0.017  0.149 -0.058 -0.415  0.237  0.090  0.024 -0.035  0.044 -0.279 -0.067
        2  0.40363   0.218  1.000  0.053 -0.020 -0.147 -0.030 -0.265  0.128  0.019  0.009 -0.009  0.019 -0.090 -0.021
        3  0.94294  -0.061  0.053  1.000 -0.610 -0.864  0.504 -0.104 -0.088 -0.041  0.003  0.005  0.012  0.023  0.008
        4  0.66112   0.017 -0.020 -0.610  1.000  0.418 -0.429  0.073  0.101  0.016 -0.002 -0.002 -0.005 -0.007 -0.002
        5  0.92091   0.149 -0.147 -0.864  0.418  1.000 -0.372  0.058 -0.074  0.056  0.000 -0.012 -0.008 -0.056 -0.020
        6  0.76450  -0.058 -0.030  0.504 -0.429 -0.372  1.000  0.294  0.393 -0.009  0.001  0.003 -0.004  0.019  0.012
        7  0.71608  -0.415 -0.265 -0.104  0.073  0.058  0.294  1.000  0.380 -0.045 -0.019  0.027 -0.029  0.150  0.065
        8  0.79140   0.237  0.128 -0.088  0.101 -0.074  0.393  0.380  1.000  0.049  0.008 -0.012  0.006 -0.108 -0.011
        9  0.21862   0.090  0.019 -0.041  0.016  0.056 -0.009 -0.045  0.049  1.000 -0.006 -0.016 -0.173 -0.020 -0.028
       10  0.26781   0.024  0.009  0.003 -0.002  0.000  0.001 -0.019  0.008 -0.006  1.000  0.094 -0.241 -0.049  0.042
       11  0.67894  -0.035 -0.009  0.005 -0.002 -0.012  0.003  0.027 -0.012 -0.016  0.094  1.000 -0.005 -0.544  0.639
       12  0.30871   0.044  0.019  0.012 -0.005 -0.008 -0.004 -0.029  0.006 -0.173 -0.241 -0.005  1.000 -0.040  0.020
       13  0.72203  -0.279 -0.090  0.023 -0.007 -0.056  0.019  0.150 -0.108 -0.020 -0.049 -0.544 -0.040  1.000 -0.597
       14  0.72851  -0.067 -0.021  0.008 -0.002 -0.020  0.012  0.065 -0.011 -0.028  0.042  0.639  0.020 -0.597  1.000
[#1] INFO:Minization -- RooMinuit::optimizeConst: deactivating const optimization
[#1] INFO:Plotting -- RooAbsReal::plotOn(totalPdf) plot on B0_M integrates over variables (phi_1020_M)
[#1] INFO:Plotting -- RooAbsReal::plotOn(totalPdf) plot on phi_1020_M integrates over variables (B0_M)
[#1] INFO:Plotting -- RooAbsPdf::plotOn(totalPdf) directly selected PDF components: (Res_sig)
[#1] INFO:Plotting -- RooAbsPdf::plotOn(totalPdf) indirectly selected PDF components: (B_DCB_res,B_CB1_res,B_CB2_res,KK_BreitWigner_res)
[#1] INFO:Plotting -- RooAbsReal::plotOn(totalPdf) plot on B0_M integrates over variables (phi_1020_M)
[#1] INFO:Plotting -- RooAbsPdf::plotOn(totalPdf) directly selected PDF components: (Res_sig)
[#1] INFO:Plotting -- RooAbsPdf::plotOn(totalPdf) indirectly selected PDF components: (B_DCB_res,B_CB1_res,B_CB2_res,KK_BreitWigner_res)
[#1] INFO:Plotting -- RooAbsReal::plotOn(totalPdf) plot on phi_1020_M integrates over variables (B0_M)
[#1] INFO:Plotting -- RooAbsPdf::plotOn(totalPdf) directly selected PDF components: (Nonres_sig)
[#1] INFO:Plotting -- RooAbsPdf::plotOn(totalPdf) indirectly selected PDF components: (B_DCB_res,B_CB1_res,B_CB2_res,KK_Exponential_nonres)
[#1] INFO:Plotting -- RooAbsReal::plotOn(totalPdf) plot on B0_M integrates over variables (phi_1020_M)
[#1] INFO:Plotting -- RooAbsPdf::plotOn(totalPdf) directly selected PDF components: (Nonres_sig)
[#1] INFO:Plotting -- RooAbsPdf::plotOn(totalPdf) indirectly selected PDF components: (B_DCB_res,B_CB1_res,B_CB2_res,KK_Exponential_nonres)
[#1] INFO:Plotting -- RooAbsReal::plotOn(totalPdf) plot on phi_1020_M integrates over variables (B0_M)
[#1] INFO:Plotting -- RooAbsPdf::plotOn(totalPdf) directly selected PDF components: (BKG)
[#1] INFO:Plotting -- RooAbsPdf::plotOn(totalPdf) indirectly selected PDF components: (B_BKG,KK_BKG)
[#1] INFO:Plotting -- RooAbsReal::plotOn(totalPdf) plot on B0_M integrates over variables (phi_1020_M)
[#1] INFO:Plotting -- RooAbsPdf::plotOn(totalPdf) directly selected PDF components: (BKG)
[#1] INFO:Plotting -- RooAbsPdf::plotOn(totalPdf) indirectly selected PDF components: (B_BKG,KK_BKG)
[#1] INFO:Plotting -- RooAbsReal::plotOn(totalPdf) plot on phi_1020_M integrates over variables (B0_M)
