--- Factory                  : You are running ROOT Version: 5.34/10, Aug 29, 2013
--- Factory                  : 
--- Factory                  : _/_/_/_/_/ _|      _|  _|      _|    _|_|   
--- Factory                  :    _/      _|_|  _|_|  _|      _|  _|    _| 
--- Factory                  :   _/       _|  _|  _|  _|      _|  _|_|_|_| 
--- Factory                  :  _/        _|      _|    _|  _|    _|    _| 
--- Factory                  : _/         _|      _|      _|      _|    _| 
--- Factory                  : 
--- Factory                  : ___________TMVA Version 4.2.0, Sep 19, 2013
--- Factory                  : 
--- DataSetInfo              : Added class "Signal"	 with internal class number 0
--- Factory                  : Add Tree DecayTree of type Signal with 354724 events
--- DataSetInfo              : Added class "Background"	 with internal class number 1
--- Factory                  : Add Tree DecayTree of type Background with 129146 events
--- DataSetInfo              : Class index : 0  name : Signal
--- DataSetInfo              : Class index : 1  name : Background
--- Factory                  : Booking method: [1mBDT_depth2[0m
--- DataSetFactory           : Splitmode is: "RANDOM" the mixmode is: "SAMEASSPLITMODE"
--- DataSetFactory           : Create training and testing trees -- looping over class "Signal" ...
--- DataSetFactory           : Weight expression for class 'Signal': ""
--- DataSetFactory           : Create training and testing trees -- looping over class "Background" ...
--- DataSetFactory           : Weight expression for class 'Background': ""
--- DataSetFactory           : Number of events in input trees (after possible flattening of arrays):
--- DataSetFactory           :     Signal          -- number of events       : 354724  / sum of weights: 354724
--- DataSetFactory           :     Background      -- number of events       : 129146  / sum of weights: 129146
--- DataSetFactory           :     Signal     tree -- total number of entries: 354724
--- DataSetFactory           :     Background tree -- total number of entries: 129146
--- DataSetFactory           : Preselection: (will NOT affect number of requested training and testing events)
--- DataSetFactory           :     No preselection cuts applied on event classes
--- DataSetFactory           : Weight renormalisation mode: "EqualNumEvents": renormalises all event classes ...
--- DataSetFactory           :  such that the effective (weighted) number of events in each class is the same 
--- DataSetFactory           :  (and equals the number of events (entries) given for class=0 )
--- DataSetFactory           : ... i.e. such that Sum[i=1..N_j]{w_i} = N_classA, j=classA, classB, ...
--- DataSetFactory           : ... (note that N_j is the sum of TRAINING events
--- DataSetFactory           :  ..... Testing events are not renormalised nor included in the renormalisation factor!)
--- DataSetFactory           : --> Rescale Signal     event weights by factor: 1
--- DataSetFactory           : --> Rescale Background event weights by factor: 2.74669
--- DataSetFactory           : Number of training and testing events after rescaling:
--- DataSetFactory           : ------------------------------------------------------
--- DataSetFactory           : Signal     -- training events            : 177362 (sum of weights: 177362) - requested were 0 events
--- DataSetFactory           : Signal     -- testing events             : 177362 (sum of weights: 177362) - requested were 0 events
--- DataSetFactory           : Signal     -- training and testing events: 354724 (sum of weights: 354724)
--- DataSetFactory           : Background -- training events            : 64573 (sum of weights: 177362) - requested were 0 events
--- DataSetFactory           : Background -- testing events             : 64573 (sum of weights: 64573) - requested were 0 events
--- DataSetFactory           : Background -- training and testing events: 129146 (sum of weights: 241935)
--- DataSetFactory           : Create internal training tree
--- DataSetFactory           : Create internal testing tree
--- DataSetInfo              : Correlation matrix (Signal):
--- DataSetInfo              : --------------------------------------------------------------------------------------------------------------------------------------------------------------------------------------------------------------------------------------------------------------------------------------------------------------------------------------------------------------------------------------------------------------------------------------------
--- DataSetInfo              :                            B0_PT B0_IPCHI2_OWNPV B0_FDCHI2_OWNPV B0_DIRA_OWNPV B0_ENDVERTEX_CHI2 Kplus_IPCHI2_OWNPV Kminus_IPCHI2_OWNPV muminus_IPCHI2_OWNPV muplus_IPCHI2_OWNPV Kplus_PIDK Kminus_PIDK muminus_PIDmu muplus_PIDmu Kminus_PT Kplus_PT    B0_P Kplus_P Kminus_P phi_1020_PT phi_1020_P phi_1020_ENDVERTEX_CHI2 Kplus_PIDp Kminus_PIDp Kplus_TRACK_CHI2NDOF Kminus_TRACK_CHI2NDOF muplus_TRACK_CHI2NDOF muminus_TRACK_CHI2NDOF
--- DataSetInfo              :                   B0_PT:  +1.000          -0.004          +0.154        +0.157            +0.027             +0.062              +0.061               +0.046              +0.046     -0.025      -0.029        -0.084       -0.080    +0.565   +0.564  +0.488  +0.312   +0.313      +0.715     +0.376                  +0.009     -0.231      -0.230               -0.013                -0.011                -0.013                 -0.009
--- DataSetInfo              :         B0_IPCHI2_OWNPV:  -0.004          +1.000          +0.011        -0.342            +0.083             +0.012              +0.010               +0.011              +0.010     -0.016      -0.018        -0.015       -0.014    -0.003   -0.008  +0.026  +0.012   +0.015      -0.007     +0.016                  +0.026     -0.009      -0.014               +0.022                +0.016                +0.015                 +0.015
--- DataSetInfo              :         B0_FDCHI2_OWNPV:  +0.154          +0.011          +1.000        +0.129            +0.016             +0.432              +0.417               +0.488              +0.515     -0.014      -0.013        -0.012       -0.009    +0.092   +0.099  +0.085  +0.073   +0.070      +0.122     +0.086                  +0.008     -0.056      -0.052               -0.001                -0.001                +0.002                 +0.003
--- DataSetInfo              :           B0_DIRA_OWNPV:  +0.157          -0.342          +0.129        +1.000            -0.043             +0.136              +0.137               +0.150              +0.147     -0.024      -0.029        -0.083       -0.079    +0.085   +0.086  +0.270  +0.178   +0.178      +0.110     +0.214                  -0.015     -0.132      -0.134               -0.007                -0.004                +0.001                 -0.005
--- DataSetInfo              :       B0_ENDVERTEX_CHI2:  +0.027          +0.083          +0.016        -0.043            +1.000             +0.005              +0.006               +0.003              +0.001     -0.018      -0.013        -0.008       -0.008    +0.017   +0.015  -0.003  -0.003   -0.004      +0.020     -0.004                  +0.420     -0.003      -0.003               +0.022                +0.024                +0.024                 +0.025
--- DataSetInfo              :      Kplus_IPCHI2_OWNPV:  +0.062          +0.012          +0.432        +0.136            +0.005             +1.000              +0.236               +0.215              +0.216     +0.039      -0.017        -0.023       -0.020    -0.044   +0.044  +0.001  -0.057   -0.069      +0.001     -0.076                  +0.003     +0.049      +0.039               -0.011                +0.007                -0.002                 +0.001
--- DataSetInfo              :     Kminus_IPCHI2_OWNPV:  +0.061          +0.010          +0.417        +0.137            +0.006             +0.236              +1.000               +0.211              +0.204     -0.015      +0.041        -0.018       -0.022    +0.045   -0.042  -0.006  -0.069   -0.060      +0.003     -0.078                  +0.001     +0.039      +0.049               +0.007                -0.009                -0.001                 -0.001
--- DataSetInfo              :    muminus_IPCHI2_OWNPV:  +0.046          +0.011          +0.488        +0.150            +0.003             +0.215              +0.211               +1.000              +0.203     -0.009      -0.007        +0.080       -0.023    +0.061   +0.061  +0.007  +0.069   +0.070      +0.078     +0.083                  +0.001     -0.054      -0.054               -0.003                -0.003                +0.005                 -0.001
--- DataSetInfo              :     muplus_IPCHI2_OWNPV:  +0.046          +0.010          +0.515        +0.147            +0.001             +0.216              +0.204               +0.203              +1.000     -0.008      -0.008        -0.017       +0.080    +0.059   +0.063  +0.006  +0.068   +0.068      +0.078     +0.081                  -0.001     -0.056      -0.053               -0.003                +0.000                -0.003                 +0.004
--- DataSetInfo              :              Kplus_PIDK:  -0.025          -0.016          -0.014        -0.024            -0.018             +0.039              -0.015               -0.009              -0.008     +1.000      +0.117        +0.070       +0.069    -0.021   +0.009  -0.166  -0.184   -0.106      -0.003     -0.174                  -0.013     +0.364      +0.033               -0.083                -0.035                -0.034                 -0.029
--- DataSetInfo              :             Kminus_PIDK:  -0.029          -0.018          -0.013        -0.029            -0.013             -0.017              +0.041               -0.007              -0.008     +0.117      +1.000        +0.072       +0.066    +0.002   -0.019  -0.170  -0.108   -0.190      -0.005     -0.179                  -0.008     +0.033      +0.360               -0.034                -0.082                -0.035                 -0.035
--- DataSetInfo              :           muminus_PIDmu:  -0.084          -0.015          -0.012        -0.083            -0.008             -0.023              -0.018               +0.080              -0.017     +0.070      +0.072        +1.000       +0.036    -0.011   -0.013  -0.206  -0.090   -0.088      -0.014     -0.107                  -0.002     +0.052      +0.053               -0.015                -0.022                -0.022                 -0.009
--- DataSetInfo              :            muplus_PIDmu:  -0.080          -0.014          -0.009        -0.079            -0.008             -0.020              -0.022               -0.023              +0.080     +0.069      +0.066        +0.036       +1.000    -0.013   -0.010  -0.203  -0.088   -0.089      -0.013     -0.106                  -0.003     +0.057      +0.056               -0.015                -0.014                -0.011                 -0.021
--- DataSetInfo              :               Kminus_PT:  +0.565          -0.003          +0.092        +0.085            +0.017             -0.044              +0.045               +0.061              +0.059     -0.021      +0.002        -0.011       -0.013    +1.000   +0.250  +0.287  +0.121   +0.655      +0.791     +0.466                  +0.004     -0.087      -0.455               +0.003                -0.046                +0.010                 +0.009
--- DataSetInfo              :                Kplus_PT:  +0.564          -0.008          +0.099        +0.086            +0.015             +0.044              -0.042               +0.061              +0.063     +0.009      -0.019        -0.013       -0.010    +0.250   +1.000  +0.290  +0.656   +0.122      +0.787     +0.467                  +0.008     -0.457      -0.083               -0.048                +0.003                +0.012                 +0.006
--- DataSetInfo              :                    B0_P:  +0.488          +0.026          +0.085        +0.270            -0.003             +0.001              -0.006               +0.007              +0.006     -0.166      -0.170        -0.206       -0.203    +0.287   +0.290  +1.000  +0.660   +0.659      +0.365     +0.792                  +0.005     -0.351      -0.352               +0.000                +0.001                +0.011                 +0.002
--- DataSetInfo              :                 Kplus_P:  +0.312          +0.012          +0.073        +0.178            -0.003             -0.057              -0.069               +0.069              +0.068     -0.184      -0.108        -0.090       -0.088    +0.121   +0.656  +0.660  +1.000   +0.386      +0.490     +0.832                  +0.007     -0.534      -0.200               -0.022                +0.008                +0.019                 +0.006
--- DataSetInfo              :                Kminus_P:  +0.313          +0.015          +0.070        +0.178            -0.004             -0.069              -0.060               +0.070              +0.068     -0.106      -0.190        -0.088       -0.089    +0.655   +0.122  +0.659  +0.386   +1.000      +0.493     +0.833                  +0.001     -0.200      -0.534               +0.007                -0.022                +0.015                 +0.009
--- DataSetInfo              :             phi_1020_PT:  +0.715          -0.007          +0.122        +0.110            +0.020             +0.001              +0.003               +0.078              +0.078     -0.003      -0.005        -0.014       -0.013    +0.791   +0.787  +0.365  +0.490   +0.493      +1.000     +0.591                  +0.007     -0.345      -0.343               -0.029                -0.028                +0.014                 +0.009
--- DataSetInfo              :              phi_1020_P:  +0.376          +0.016          +0.086        +0.214            -0.004             -0.076              -0.078               +0.083              +0.081     -0.174      -0.179        -0.107       -0.106    +0.466   +0.467  +0.792  +0.832   +0.833      +0.591     +1.000                  +0.005     -0.440      -0.441               -0.009                -0.009                +0.020                 +0.009
--- DataSetInfo              : phi_1020_ENDVERTEX_CHI2:  +0.009          +0.026          +0.008        -0.015            +0.420             +0.003              +0.001               +0.001              -0.001     -0.013      -0.008        -0.002       -0.003    +0.004   +0.008  +0.005  +0.007   +0.001      +0.007     +0.005                  +1.000     -0.007      -0.003               +0.014                +0.017                +0.006                 +0.001
--- DataSetInfo              :              Kplus_PIDp:  -0.231          -0.009          -0.056        -0.132            -0.003             +0.049              +0.039               -0.054              -0.056     +0.364      +0.033        +0.052       +0.057    -0.087   -0.457  -0.351  -0.534   -0.200      -0.345     -0.440                  -0.007     +1.000      +0.108               +0.011                -0.010                -0.013                 -0.007
--- DataSetInfo              :             Kminus_PIDp:  -0.230          -0.014          -0.052        -0.134            -0.003             +0.039              +0.049               -0.054              -0.053     +0.033      +0.360        +0.053       +0.056    -0.455   -0.083  -0.352  -0.200   -0.534      -0.343     -0.441                  -0.003     +0.108      +1.000               -0.008                +0.010                -0.014                 -0.014
--- DataSetInfo              :    Kplus_TRACK_CHI2NDOF:  -0.013          +0.022          -0.001        -0.007            +0.022             -0.011              +0.007               -0.003              -0.003     -0.083      -0.034        -0.015       -0.015    +0.003   -0.048  +0.000  -0.022   +0.007      -0.029     -0.009                  +0.014     +0.011      -0.008               +1.000                +0.022                +0.018                 +0.019
--- DataSetInfo              :   Kminus_TRACK_CHI2NDOF:  -0.011          +0.016          -0.001        -0.004            +0.024             +0.007              -0.009               -0.003              +0.000     -0.035      -0.082        -0.022       -0.014    -0.046   +0.003  +0.001  +0.008   -0.022      -0.028     -0.009                  +0.017     -0.010      +0.010               +0.022                +1.000                +0.021                 +0.019
--- DataSetInfo              :   muplus_TRACK_CHI2NDOF:  -0.013          +0.015          +0.002        +0.001            +0.024             -0.002              -0.001               +0.005              -0.003     -0.034      -0.035        -0.022       -0.011    +0.010   +0.012  +0.011  +0.019   +0.015      +0.014     +0.020                  +0.006     -0.013      -0.014               +0.018                +0.021                +1.000                 +0.018
--- DataSetInfo              :  muminus_TRACK_CHI2NDOF:  -0.009          +0.015          +0.003        -0.005            +0.025             +0.001              -0.001               -0.001              +0.004     -0.029      -0.035        -0.009       -0.021    +0.009   +0.006  +0.002  +0.006   +0.009      +0.009     +0.009                  +0.001     -0.007      -0.014               +0.019                +0.019                +0.018                 +1.000
--- DataSetInfo              : --------------------------------------------------------------------------------------------------------------------------------------------------------------------------------------------------------------------------------------------------------------------------------------------------------------------------------------------------------------------------------------------------------------------------------------------
--- DataSetInfo              : Correlation matrix (Background):
--- DataSetInfo              : --------------------------------------------------------------------------------------------------------------------------------------------------------------------------------------------------------------------------------------------------------------------------------------------------------------------------------------------------------------------------------------------------------------------------------------------
--- DataSetInfo              :                            B0_PT B0_IPCHI2_OWNPV B0_FDCHI2_OWNPV B0_DIRA_OWNPV B0_ENDVERTEX_CHI2 Kplus_IPCHI2_OWNPV Kminus_IPCHI2_OWNPV muminus_IPCHI2_OWNPV muplus_IPCHI2_OWNPV Kplus_PIDK Kminus_PIDK muminus_PIDmu muplus_PIDmu Kminus_PT Kplus_PT    B0_P Kplus_P Kminus_P phi_1020_PT phi_1020_P phi_1020_ENDVERTEX_CHI2 Kplus_PIDp Kminus_PIDp Kplus_TRACK_CHI2NDOF Kminus_TRACK_CHI2NDOF muplus_TRACK_CHI2NDOF muminus_TRACK_CHI2NDOF
--- DataSetInfo              :                   B0_PT:  +1.000          +0.096          -0.024        +0.150            -0.062             +0.032              +0.026               -0.009              -0.003     +0.014      +0.008        +0.005       +0.003    +0.293   +0.416  +0.686  +0.218   +0.130      +0.457     +0.219                  -0.011     -0.019      -0.025               +0.017                +0.015                -0.005                 -0.001
--- DataSetInfo              :         B0_IPCHI2_OWNPV:  +0.096          +1.000          +0.021        -0.193            -0.032             +0.020              +0.048               +0.042              +0.045     -0.007      -0.015        -0.011       -0.009    +0.002   +0.003  +0.174  +0.046   +0.051      +0.009     +0.061                  -0.020     -0.032      -0.044               +0.003                +0.005                -0.042                 -0.051
--- DataSetInfo              :         B0_FDCHI2_OWNPV:  -0.024          +0.021          +1.000        +0.060            -0.011             +0.780              +0.120               +0.098              +0.257     -0.001      -0.008        -0.013       -0.010    -0.001   +0.003  -0.015  -0.005   -0.007      +0.001     -0.007                  -0.003     +0.005      -0.003               +0.010                +0.008                +0.013                 +0.014
--- DataSetInfo              :           B0_DIRA_OWNPV:  +0.150          -0.193          +0.060        +1.000            -0.088             +0.054              +0.093               +0.063              +0.065     -0.006      -0.006        -0.029       -0.029    +0.004   +0.004  +0.241  +0.040   +0.037      +0.016     +0.049                  -0.027     -0.047      -0.036               +0.006                +0.002                -0.062                 -0.045
--- DataSetInfo              :       B0_ENDVERTEX_CHI2:  -0.062          -0.032          -0.011        -0.088            +1.000             -0.038              -0.066               -0.048              -0.052     -0.054      -0.046        +0.019       +0.020    -0.018   -0.023  -0.045  +0.016   +0.019      -0.030     +0.022                  +0.193     -0.043      -0.034               +0.032                +0.031                +0.015                 +0.013
--- DataSetInfo              :      Kplus_IPCHI2_OWNPV:  +0.032          +0.020          +0.780        +0.054            -0.038             +1.000              +0.073               +0.108              +0.267     +0.051      -0.025        -0.009       -0.013    -0.029   +0.041  +0.014  -0.015   -0.035      +0.014     -0.031                  -0.019     +0.050      -0.015               -0.006                +0.014                -0.002                 -0.003
--- DataSetInfo              :     Kminus_IPCHI2_OWNPV:  +0.026          +0.048          +0.120        +0.093            -0.066             +0.073              +1.000               +0.042              +0.106     -0.042      +0.086        -0.019       -0.005    +0.084   -0.046  +0.008  -0.065   -0.031      +0.017     -0.060                  -0.027     -0.027      +0.082               +0.023                -0.015                -0.010                 -0.014
--- DataSetInfo              :    muminus_IPCHI2_OWNPV:  -0.009          +0.042          +0.098        +0.063            -0.048             +0.108              +0.042               +1.000              +0.081     +0.018      -0.006        +0.060       -0.020    +0.000   +0.022  -0.018  +0.061   +0.043      +0.017     +0.065                  -0.019     -0.003      -0.021               -0.019                -0.011                -0.002                 +0.030
--- DataSetInfo              :     muplus_IPCHI2_OWNPV:  -0.003          +0.045          +0.257        +0.065            -0.052             +0.267              +0.106               +0.081              +1.000     +0.001      +0.012        -0.016       +0.062    +0.020   +0.012  -0.014  +0.050   +0.064      +0.023     +0.071                  -0.019     -0.022      -0.016               -0.007                -0.017                +0.028                 +0.005
--- DataSetInfo              :              Kplus_PIDK:  +0.014          -0.007          -0.001        -0.006            -0.054             +0.051              -0.042               +0.018              +0.001     +1.000      -0.110        +0.023       +0.058    -0.109   +0.177  -0.025  +0.069   -0.109      +0.067     -0.024                  -0.026     +0.646      -0.055               -0.163                +0.032                -0.049                 +0.000
--- DataSetInfo              :             Kminus_PIDK:  +0.008          -0.015          -0.008        -0.006            -0.046             -0.025              +0.086               -0.006              +0.012     -0.110      +1.000        +0.055       +0.019    +0.229   -0.074  -0.032  -0.094   +0.065      +0.076     -0.019                  -0.030     -0.060      +0.655               +0.021                -0.160                -0.000                 -0.050
--- DataSetInfo              :           muminus_PIDmu:  +0.005          -0.011          -0.013        -0.029            +0.019             -0.009              -0.019               +0.060              -0.016     +0.023      +0.055        +1.000       +0.069    -0.023   -0.020  -0.063  -0.016   -0.015      -0.028     -0.020                  +0.015     +0.012      +0.037               -0.014                -0.021                -0.013                 -0.100
--- DataSetInfo              :            muplus_PIDmu:  +0.003          -0.009          -0.010        -0.029            +0.020             -0.013              -0.005               -0.020              +0.062     +0.058      +0.019        +0.069       +1.000    -0.032   -0.021  -0.059  -0.014   -0.024      -0.033     -0.023                  +0.013     +0.033      +0.015               -0.027                -0.010                -0.091                 -0.018
--- DataSetInfo              :               Kminus_PT:  +0.293          +0.002          -0.001        +0.004            -0.018             -0.029              +0.084               +0.000              +0.020     -0.109      +0.229        -0.023       -0.032    +1.000   +0.226  +0.173  +0.132   +0.685      +0.718     +0.509                  -0.043     -0.112      +0.058               +0.012                -0.160                +0.064                 +0.053
--- DataSetInfo              :                Kplus_PT:  +0.416          +0.003          +0.003        +0.004            -0.023             +0.041              -0.046               +0.022              +0.012     +0.177      -0.074        -0.020       -0.021    +0.226   +1.000  +0.222  +0.622   +0.103      +0.828     +0.458                  -0.040     +0.045      -0.080               -0.113                +0.013                +0.045                 +0.056
--- DataSetInfo              :                    B0_P:  +0.686          +0.174          -0.015        +0.241            -0.045             +0.014              +0.008               -0.018              -0.014     -0.025      -0.032        -0.063       -0.059    +0.173   +0.222  +1.000  +0.374   +0.296      +0.259     +0.420                  -0.024     -0.093      -0.098               -0.031                -0.029                -0.073                 -0.064
--- DataSetInfo              :                 Kplus_P:  +0.218          +0.046          -0.005        +0.040            +0.016             -0.015              -0.065               +0.061              +0.050     +0.069      -0.094        -0.016       -0.014    +0.132   +0.622  +0.374  +1.000   +0.271      +0.517     +0.801                  -0.025     -0.129      -0.139               -0.175                -0.021                +0.028                 +0.037
--- DataSetInfo              :                Kminus_P:  +0.130          +0.051          -0.007        +0.037            +0.019             -0.035              -0.031               +0.043              +0.064     -0.109      +0.065        -0.015       -0.024    +0.685   +0.103  +0.296  +0.271   +1.000      +0.460     +0.793                  -0.026     -0.150      -0.140               -0.029                -0.185                +0.034                 +0.032
--- DataSetInfo              :             phi_1020_PT:  +0.457          +0.009          +0.001        +0.016            -0.030             +0.014              +0.017               +0.017              +0.023     +0.067      +0.076        -0.028       -0.033    +0.718   +0.828  +0.259  +0.517   +0.460      +1.000     +0.613                  -0.051     -0.035      -0.030               -0.074                -0.080                +0.066                 +0.068
--- DataSetInfo              :              phi_1020_P:  +0.219          +0.061          -0.007        +0.049            +0.022             -0.031              -0.060               +0.065              +0.071     -0.024      -0.019        -0.020       -0.023    +0.509   +0.458  +0.420  +0.801   +0.793      +0.613     +1.000                  -0.032     -0.175      -0.175               -0.128                -0.128                +0.039                 +0.043
--- DataSetInfo              : phi_1020_ENDVERTEX_CHI2:  -0.011          -0.020          -0.003        -0.027            +0.193             -0.019              -0.027               -0.019              -0.019     -0.026      -0.030        +0.015       +0.013    -0.043   -0.040  -0.024  -0.025   -0.026      -0.051     -0.032                  +1.000     -0.024      -0.023               +0.034                +0.042                -0.000                 +0.007
--- DataSetInfo              :              Kplus_PIDp:  -0.019          -0.032          +0.005        -0.047            -0.043             +0.050              -0.027               -0.003              -0.022     +0.646      -0.060        +0.012       +0.033    -0.112   +0.045  -0.093  -0.129   -0.150      -0.035     -0.175                  -0.024     +1.000      -0.003               -0.054                +0.035                -0.027                 +0.003
--- DataSetInfo              :             Kminus_PIDp:  -0.025          -0.044          -0.003        -0.036            -0.034             -0.015              +0.082               -0.021              -0.016     -0.055      +0.655        +0.037       +0.015    +0.058   -0.080  -0.098  -0.139   -0.140      -0.030     -0.175                  -0.023     -0.003      +1.000               +0.032                -0.050                -0.006                 -0.029
--- DataSetInfo              :    Kplus_TRACK_CHI2NDOF:  +0.017          +0.003          +0.010        +0.006            +0.032             -0.006              +0.023               -0.019              -0.007     -0.163      +0.021        -0.014       -0.027    +0.012   -0.113  -0.031  -0.175   -0.029      -0.074     -0.128                  +0.034     -0.054      +0.032               +1.000                +0.023                +0.028                 +0.008
--- DataSetInfo              :   Kminus_TRACK_CHI2NDOF:  +0.015          +0.005          +0.008        +0.002            +0.031             +0.014              -0.015               -0.011              -0.017     +0.032      -0.160        -0.021       -0.010    -0.160   +0.013  -0.029  -0.021   -0.185      -0.080     -0.128                  +0.042     +0.035      -0.050               +0.023                +1.000                +0.009                 +0.032
--- DataSetInfo              :   muplus_TRACK_CHI2NDOF:  -0.005          -0.042          +0.013        -0.062            +0.015             -0.002              -0.010               -0.002              +0.028     -0.049      -0.000        -0.013       -0.091    +0.064   +0.045  -0.073  +0.028   +0.034      +0.066     +0.039                  -0.000     -0.027      -0.006               +0.028                +0.009                +1.000                 +0.029
--- DataSetInfo              :  muminus_TRACK_CHI2NDOF:  -0.001          -0.051          +0.014        -0.045            +0.013             -0.003              -0.014               +0.030              +0.005     +0.000      -0.050        -0.100       -0.018    +0.053   +0.056  -0.064  +0.037   +0.032      +0.068     +0.043                  +0.007     +0.003      -0.029               +0.008                +0.032                +0.029                 +1.000
--- DataSetInfo              : --------------------------------------------------------------------------------------------------------------------------------------------------------------------------------------------------------------------------------------------------------------------------------------------------------------------------------------------------------------------------------------------------------------------------------------------
--- DataSetFactory           :  
--- Factory                  : 
--- Factory                  : current transformation string: 'I'
--- Factory                  : Create Transformation "I" with events from all classes.
--- Id                       : Transformation, Variable selection : 
--- Id                       : Input : variable 'B0_PT' (index=0).   <---> Output : variable 'B0_PT' (index=0).
--- Id                       : Input : variable 'B0_IPCHI2_OWNPV' (index=1).   <---> Output : variable 'B0_IPCHI2_OWNPV' (index=1).
--- Id                       : Input : variable 'B0_FDCHI2_OWNPV' (index=2).   <---> Output : variable 'B0_FDCHI2_OWNPV' (index=2).
--- Id                       : Input : variable 'B0_DIRA_OWNPV' (index=3).   <---> Output : variable 'B0_DIRA_OWNPV' (index=3).
--- Id                       : Input : variable 'B0_ENDVERTEX_CHI2' (index=4).   <---> Output : variable 'B0_ENDVERTEX_CHI2' (index=4).
--- Id                       : Input : variable 'Kplus_IPCHI2_OWNPV' (index=5).   <---> Output : variable 'Kplus_IPCHI2_OWNPV' (index=5).
--- Id                       : Input : variable 'Kminus_IPCHI2_OWNPV' (index=6).   <---> Output : variable 'Kminus_IPCHI2_OWNPV' (index=6).
--- Id                       : Input : variable 'muminus_IPCHI2_OWNPV' (index=7).   <---> Output : variable 'muminus_IPCHI2_OWNPV' (index=7).
--- Id                       : Input : variable 'muplus_IPCHI2_OWNPV' (index=8).   <---> Output : variable 'muplus_IPCHI2_OWNPV' (index=8).
--- Id                       : Input : variable 'Kplus_PIDK' (index=9).   <---> Output : variable 'Kplus_PIDK' (index=9).
--- Id                       : Input : variable 'Kminus_PIDK' (index=10).   <---> Output : variable 'Kminus_PIDK' (index=10).
--- Id                       : Input : variable 'muminus_PIDmu' (index=11).   <---> Output : variable 'muminus_PIDmu' (index=11).
--- Id                       : Input : variable 'muplus_PIDmu' (index=12).   <---> Output : variable 'muplus_PIDmu' (index=12).
--- Id                       : Input : variable 'Kminus_PT' (index=13).   <---> Output : variable 'Kminus_PT' (index=13).
--- Id                       : Input : variable 'Kplus_PT' (index=14).   <---> Output : variable 'Kplus_PT' (index=14).
--- Id                       : Input : variable 'B0_P' (index=15).   <---> Output : variable 'B0_P' (index=15).
--- Id                       : Input : variable 'Kplus_P' (index=16).   <---> Output : variable 'Kplus_P' (index=16).
--- Id                       : Input : variable 'Kminus_P' (index=17).   <---> Output : variable 'Kminus_P' (index=17).
--- Id                       : Input : variable 'phi_1020_PT' (index=18).   <---> Output : variable 'phi_1020_PT' (index=18).
--- Id                       : Input : variable 'phi_1020_P' (index=19).   <---> Output : variable 'phi_1020_P' (index=19).
--- Id                       : Input : variable 'phi_1020_ENDVERTEX_CHI2' (index=20).   <---> Output : variable 'phi_1020_ENDVERTEX_CHI2' (index=20).
--- Id                       : Input : variable 'Kplus_PIDp' (index=21).   <---> Output : variable 'Kplus_PIDp' (index=21).
--- Id                       : Input : variable 'Kminus_PIDp' (index=22).   <---> Output : variable 'Kminus_PIDp' (index=22).
--- Id                       : Input : variable 'Kplus_TRACK_CHI2NDOF' (index=23).   <---> Output : variable 'Kplus_TRACK_CHI2NDOF' (index=23).
--- Id                       : Input : variable 'Kminus_TRACK_CHI2NDOF' (index=24).   <---> Output : variable 'Kminus_TRACK_CHI2NDOF' (index=24).
--- Id                       : Input : variable 'muplus_TRACK_CHI2NDOF' (index=25).   <---> Output : variable 'muplus_TRACK_CHI2NDOF' (index=25).
--- Id                       : Input : variable 'muminus_TRACK_CHI2NDOF' (index=26).   <---> Output : variable 'muminus_TRACK_CHI2NDOF' (index=26).
--- Factory                  : 
--- Factory                  : current transformation string: 'G'
--- Factory                  : Create Transformation "G" with events from all classes.
--- Gauss                    : Transformation, Variable selection : 
--- Gauss                    : Input : variable 'B0_PT' (index=0).   <---> Output : variable 'B0_PT' (index=0).
--- Gauss                    : Input : variable 'B0_IPCHI2_OWNPV' (index=1).   <---> Output : variable 'B0_IPCHI2_OWNPV' (index=1).
--- Gauss                    : Input : variable 'B0_FDCHI2_OWNPV' (index=2).   <---> Output : variable 'B0_FDCHI2_OWNPV' (index=2).
--- Gauss                    : Input : variable 'B0_DIRA_OWNPV' (index=3).   <---> Output : variable 'B0_DIRA_OWNPV' (index=3).
--- Gauss                    : Input : variable 'B0_ENDVERTEX_CHI2' (index=4).   <---> Output : variable 'B0_ENDVERTEX_CHI2' (index=4).
--- Gauss                    : Input : variable 'Kplus_IPCHI2_OWNPV' (index=5).   <---> Output : variable 'Kplus_IPCHI2_OWNPV' (index=5).
--- Gauss                    : Input : variable 'Kminus_IPCHI2_OWNPV' (index=6).   <---> Output : variable 'Kminus_IPCHI2_OWNPV' (index=6).
--- Gauss                    : Input : variable 'muminus_IPCHI2_OWNPV' (index=7).   <---> Output : variable 'muminus_IPCHI2_OWNPV' (index=7).
--- Gauss                    : Input : variable 'muplus_IPCHI2_OWNPV' (index=8).   <---> Output : variable 'muplus_IPCHI2_OWNPV' (index=8).
--- Gauss                    : Input : variable 'Kplus_PIDK' (index=9).   <---> Output : variable 'Kplus_PIDK' (index=9).
--- Gauss                    : Input : variable 'Kminus_PIDK' (index=10).   <---> Output : variable 'Kminus_PIDK' (index=10).
--- Gauss                    : Input : variable 'muminus_PIDmu' (index=11).   <---> Output : variable 'muminus_PIDmu' (index=11).
--- Gauss                    : Input : variable 'muplus_PIDmu' (index=12).   <---> Output : variable 'muplus_PIDmu' (index=12).
--- Gauss                    : Input : variable 'Kminus_PT' (index=13).   <---> Output : variable 'Kminus_PT' (index=13).
--- Gauss                    : Input : variable 'Kplus_PT' (index=14).   <---> Output : variable 'Kplus_PT' (index=14).
--- Gauss                    : Input : variable 'B0_P' (index=15).   <---> Output : variable 'B0_P' (index=15).
--- Gauss                    : Input : variable 'Kplus_P' (index=16).   <---> Output : variable 'Kplus_P' (index=16).
--- Gauss                    : Input : variable 'Kminus_P' (index=17).   <---> Output : variable 'Kminus_P' (index=17).
--- Gauss                    : Input : variable 'phi_1020_PT' (index=18).   <---> Output : variable 'phi_1020_PT' (index=18).
--- Gauss                    : Input : variable 'phi_1020_P' (index=19).   <---> Output : variable 'phi_1020_P' (index=19).
--- Gauss                    : Input : variable 'phi_1020_ENDVERTEX_CHI2' (index=20).   <---> Output : variable 'phi_1020_ENDVERTEX_CHI2' (index=20).
--- Gauss                    : Input : variable 'Kplus_PIDp' (index=21).   <---> Output : variable 'Kplus_PIDp' (index=21).
--- Gauss                    : Input : variable 'Kminus_PIDp' (index=22).   <---> Output : variable 'Kminus_PIDp' (index=22).
--- Gauss                    : Input : variable 'Kplus_TRACK_CHI2NDOF' (index=23).   <---> Output : variable 'Kplus_TRACK_CHI2NDOF' (index=23).
--- Gauss                    : Input : variable 'Kminus_TRACK_CHI2NDOF' (index=24).   <---> Output : variable 'Kminus_TRACK_CHI2NDOF' (index=24).
--- Gauss                    : Input : variable 'muplus_TRACK_CHI2NDOF' (index=25).   <---> Output : variable 'muplus_TRACK_CHI2NDOF' (index=25).
--- Gauss                    : Input : variable 'muminus_TRACK_CHI2NDOF' (index=26).   <---> Output : variable 'muminus_TRACK_CHI2NDOF' (index=26).
--- Id                       : Preparing the Identity transformation...
--- TFHandler_Factory        : --------------------------------------------------------------------------------------------------------------------------------------
--- TFHandler_Factory        :                Variable                       Mean                       RMS               [        Min                       Max ]
